---
camera_name: "2322110487_right"
image_width: 848
image_height: 800
camera_matrix:
   rows: 3
   cols: 3
   data: [ 2.8463587812216639e+02, 0., 4.2648212316327846e+02, 0.,
       2.8431766163667328e+02, 4.0509783516934363e+02, 0., 0., 1. ]
distortion_coefficients:
   rows: 1
   cols: 4
   data: [ -1.1025365956885837e-02, 5.5751048584789964e-02,
       -5.0759132185092627e-02, 1.0013621053898983e-02 ]
distortion_model: equidistant
rectification_matrix:
   rows: 3
   cols: 3
   data: [ 9.9993138049880448e-01, 1.9211913919166604e-03,
       1.1556094383092772e-02, -1.9532693275396799e-03,
       9.9999426918727319e-01, 2.7652000913851306e-03,
       -1.1550715678667512e-02, -2.7875825094388078e-03,
       9.9992940268354147e-01 ]
projection_matrix:
   rows: 3
   cols: 4
   data: [ 2.8655219840405363e+02, 0., 3.3602760314941406e+02,
       -1.8837066565507129e+01, 0., 2.8655219840405363e+02,
       3.9758226013183594e+02, 0., 0., 0., 1., 0. ]
