---
camera_name: "2322110487_left"
image_width: 848
image_height: 800
camera_matrix:
   rows: 3
   cols: 3
   data: [ 2.8655219840405363e+02, 0., 4.1877728597653328e+02, 0.,
       2.8656371660152467e+02, 4.0172293873277806e+02, 0., 0., 1. ]
distortion_coefficients:
   rows: 1
   cols: 4
   data: [ -3.5568434865508933e-04, 3.7492056303100610e-02,
       -4.2767035251238324e-02, 9.4294587371216917e-03 ]
distortion_model: equidistant
rectification_matrix:
   rows: 3
   cols: 3
   data: [ 9.9999041343579831e-01, 2.6115475931313046e-03,
       3.5146629525755896e-03, -2.6018395577480581e-03,
       9.9999279562844579e-01, -2.7638961849408171e-03,
       -3.5218556780672377e-03, 2.7547250995704257e-03,
       9.9999000396114412e-01 ]
projection_matrix:
   rows: 3
   cols: 4
   data: [ 2.8655219840405363e+02, 0., 3.3602760314941406e+02, 0., 0.,
       2.8655219840405363e+02, 3.9758226013183594e+02, 0., 0., 0., 1.,
       0. ]
