cam0:
  cam_overlaps: [1]
  camera_model: pinhole
  distortion_coeffs: [-0.22410906920086052, 0.035435217771401996, -0.0005237283517007738,
    -0.0004980606893743076]
  distortion_model: radtan
  intrinsics: [284.98526855005963, 285.5115431196386, 423.67050149852594, 404.6539165972034]
  resolution: [848, 800]
  rostopic: /fisheye1
cam1:
  T_cn_cnm1:
  - [0.9996785679713523, -0.0007584874868379843, 0.025341377931681213, -0.061234555599590186]
  - [0.0007913370163274677, 0.9999988596378604, -0.0012862770708550874, -2.559873310192562e-05]
  - [-0.025340373408270434, 0.0013059171906088841, 0.9996780281949876, 0.0005364777853430351]
  - [0.0, 0.0, 0.0, 1.0]
  cam_overlaps: [0]
  camera_model: pinhole
  distortion_coeffs: [-0.22735793030731566, 0.03725899725824131, -1.021112450649118e-06,
    0.001686366966598055]
  distortion_model: radtan
  intrinsics: [284.11474861988347, 283.96282003446584, 422.14473050974345, 406.4694806291893]
  resolution: [848, 800]
  rostopic: /fisheye2
